-0.22650689226519882
-0.3559710386256737
0.005896755162379567
-0.12688980235792713
-0.3136216157454089
-0.06428949495860743
-0.2722120926448463
0.10915935295349816
-0.11592793618837305
-0.1848128197749325
-0.022204278482818227
0.29900882856428496
-0.1921465126595089
-0.117543481060324
0.06578811511731462
0.1709776604082067
-0.072769768507887
-0.5486486353146269
0.0
-0.12056533455233413
-0.16046580489962464
0.05846655309107196
-0.13527789885114616
0.0
-0.28476718776702353
-0.008504922986200418
-0.2179325749490961
0.07204989710192072
-0.1169255692050717
-0.01079022538168222
-0.18059047989493118
0.05394783054182138
-0.15994027082558393
-0.12514366963308896
-0.030367876924802886
-0.06618632618135967
0.1821067006705185
0.3816741078050556
-0.6079380344761918
-0.1873339569374849
-0.49049397128627864
-0.10987538405460022
-0.05231974055108791
-0.009167938876126323
-0.0018756989379666578
-0.009702829389233196
-0.0045249008764537725
0.17002922794013686
0.20047772934649793
0.2849327553092617
-0.10605991387980886
-0.14064283911475722
0.0503767698057588
0.02289717202124437
0.002546012881674642
0.0
-0.0662905918350544
-0.009686917233857725
-0.8289284543580464
0.03215087117476366
-0.02766505603312965
-0.18929861658701524
-0.13699667537107033
-0.116728407801941
-0.10572882234525735
0.31659726031557495
0.16873547749767923
0.15857138502107915
-0.3069495677582631
-0.07665066585720155
-0.02742485448257228
-0.1711440645187122
0.045930265797476985
0.048153876959079585
0.049591720172044704
-0.05715722605180319
0.11929617524023614
-0.0241517267077539
-0.03681187660819944
-0.018210454629115032
-0.1668030871184856
0.12731989537453461
-0.04366375680297166
0.03223233743293245
0.09453085116948265
-0.39462124006220717
0.18549700292344584
-0.07486689072491161
-0.12777974616698204
-0.334466522529414
0.01991933341469032
-0.6326935367580389
-0.07572279974739794
0.010470827901737386
-0.12326374698535693
-0.036755842049170005
0.11979374017275735
0.15452368435332975
0.18799994199640244
0.03951155204582519
-0.0502168643089801
-0.003382256890492923
-0.2495609467984137
0.29872204312705664
-0.11715604486475059
0.0032012741072586282
0.12309896364066283
-0.1327848882060766
-0.18300166035726578
-0.03933045936074287
0.08951424312131918
0.17363366786457304
-0.07917583567583551
0.12216747751777937
-0.2014504086498126
-0.016596480959324568
0.03944805123483297
-0.04837160454167591
0.07437977706231733
-0.04793167789856351
-0.18098366759847492
-0.18087864774467186
-0.11489825361121377
0.26375554630218107
-0.043203164071427436
-0.22675312981086634
-0.0567694799557883
0.07550805713785891
-0.1291029950154838
-0.1822574184151045
0.1475666779662037
-0.06555109840333569
-0.02063860916782459
0.026039767514913093
-0.15806339223941296
0.0699494651955354
-0.07956700763138325
-0.2947292113424239
0.029037781382942583
-0.09995908477012556
-0.11323238218624446
-0.09149994612362776
0.14110800927450082
0.06345482252680136
-0.06718614206782873
-0.02536323038680712
0.0
0.28085107829692224
-0.10986276854681006
0.027110867258500853
0.041581234529335855
-0.1975224240077615
-0.1473596092770039
0.14323771336909585
-0.26750558042269584
0.038895393258020695
-0.13319015281698915
-0.2444784279357479
0.0
0.42752546556202503
-0.12474771640714338
-0.012055888735004296
0.059998249722579264
-0.014541200778492087
-0.1698101762728948
-0.18158305979092654
-0.08676944034728404
0.16232642249508308
-0.32540409086679395
-0.059279306467579736
-0.17182649397283203
0.12362618790937614
-0.09824813120245454
-0.14225526914905998
-0.3396842229872105
-0.0698501507378313
-0.014486565204948591
-0.07619477880361569
0.14374396787222843
-0.00609261550905163
-0.16393365331966542
0.09663324819983167
-0.05856479236589166
0.0
-0.05419116116010441
-0.10466465894278915
0.07688082195895775
-0.107005771599315
-0.08926697941694117
-0.029454506971184142
0.04639300223348824
-0.1830799323034996
-0.07535941877322629
-0.124079552235467
-0.23816671632501218
-0.0832224954193663
-0.07786678315111228
-0.18526223046536147
-0.07218011267053184
-0.08508718732351861
0.012927944343694193
0.04805507136414029
-0.20178738182216452
0.13501647426689922
-0.027988442151186708
-0.38760315644680743
-0.04426612493859344
-0.025952108891723325
-0.17756630348786848
-0.19333459083299803
-0.3607240274562757
-0.05072113930146242
0.0
0.22592092834007182
-0.4875857975910943
-0.13413305301874506
-0.24249117095418637
0.22844758172433144
0.11627624517403758
-0.643774229782149
-0.13810971901049995
0.24518206089788377
-0.09159246165450155
0.08162486045764357
-0.01023849594038929
0.20714837816087645
-0.06303947371709742
0.0009259643332125114
0.10177635705982004
0.050953919214784114
-0.1565861730816626
-0.053693793935331594
-0.057192141109433374
-0.09283476354230656
-0.037966396451653985
-0.12559998693353217
-0.2652354855684518
-0.05774240376886906
-0.2714331338686148
-0.005229530732338045
-0.1983201069684437
0.004732358340932492
-0.21677828594232523
-0.11811009754183323
-0.26149665082799994
-0.2177284088783266
-0.04629003804901439
-0.05652202857465615
0.2655564295609582
-0.10575247691589197
-0.3109603828594979
0.048146606095481374
-0.17898748446005308
-0.00718457997949801
-0.11951273620752763
-0.0320586945519901
0.037856953841312796
-0.14945416865794733
0.12689179255223984
-0.693713641298673
0.08770357233228908
-0.08508888741812198
-0.2137532975075788
-0.3895776984843772
-0.08398775363956087
-0.3380571118897538
0.09480434416579954
0.4575846439750064
-0.08570228602085796
-0.1766805135024972
-0.2516884602583279
0.0
-0.1990360759995214
-0.11024062560499728
0.08996056915663486
-0.04894209713354166
-0.014983565426160913
-0.2074285420252798
-0.3813315986358312
-0.07724909074752367
-0.11272711097564225
-0.12813661580776586
-0.10221663551393124
-0.10700538931332655
-0.21103265994330794
-0.21330459385531345
-0.0637354908678975
-0.09795523362842248
-0.17256611143817335
-0.44381366283022866
-0.09981752162297525
-0.06264020616402628
0.0994395632588075
0.2913358414279265
0.040371186946220994
-0.07627663945856113
0.05526494185906909
-0.00596404451813377
0.24490663910367874
-0.26799381352713797
-0.06699982445798354
0.15164306186949225
-0.30885967411753446
-0.11162689945860314
-0.308248584570309
-0.4876423136308585
-0.20763832569580126
0.3644532190123901
-0.16280575466672484
-0.06753189547782837
0.12845304350951078
-0.0889935560845437
-0.021153530855913684
-0.13607752109501228
-0.23328122071757493
-0.3016851633050418
-0.14875494839604325
-0.11069544459451862
0.01146646315263571
-0.009940066770939676
-0.1923823704400355
-0.16476896052304207
-0.10211120580503442
0.0562845003188281
-0.032565171628516555
0.06740261656028228
0.3207375800819192
-0.22267820002457325
-0.03266771402811027
-0.10558804218309624
-0.17509757235861642
-0.01865505467254285
-0.06219663474424273
-0.01387248229538175
0.04338854705577925
-0.04715019265040535
-0.11442344185997361
-0.11230589452726836
0.37385169158924814
-0.2154161336273865
0.1463447468995312
0.06451423958658803
-0.10063428978995681
0.29271932613615853
-0.1421228852652143
-0.05338264299653817
0.11231159211225769
-0.18166146145639808
-0.026816819478865463
-0.026359076944992964
0.05136925489768671
0.07887015711390447
0.0
0.04488750825918304
0.2970619116378658
-0.08487191218353934
-0.12453866300951896
-0.44744387725566603
0.021024750422087124
-0.15341010626892387
-0.3816116894949352
0.0
-0.34734634526229885
-0.23877496237287765
0.3049777909163625
-0.011624536037298546
-0.06463050514052598
-0.208045087687632
-0.054574102526526856
0.0
-0.06313648522624829
-0.19985717614619383
-0.009703113413225262
-0.06292608903875034
-0.05091342578164977
-0.0016134138882956213
-0.3169384212669242
-0.07764525555170379
-0.015483218114051808
-0.02997617303243888
-0.14466256904813418
-0.09336970017692821
-0.19208389953996446
-0.04630184835275598
-0.09605876365695706
-0.10483459838334055
-0.3516974112855768
-0.14243417567961006
0.49101562674608223
-0.0660238611596152
-0.061343249870967544
-0.0033501219794421435
-0.09657971989558191
-0.11712609967242439
-0.3212267630780272
0.025114670078009427
-0.054852038282800865
-0.01692494498570217
0.29797778328628477
0.061922704132246924
-0.22214320108163324
-0.013173839893720278
-0.0903925818243978
-0.20945524946484104
-0.22043285260430967
-0.07137216695317382
0.06409216021072028
0.11616062639589025
-0.13736404115110576
-0.18256934115446763
0.0
0.016488498402886402
-0.3415992166297889
0.04316938378494974
-0.10217103197206695
-0.055272557320442686
-0.09753557085941399
-0.009115843767043103
-0.12585624121339156
-0.17932444076851675
-0.16964058200096985
-0.06895064841807955
-0.239915576023908
-0.2715055388883104
-0.04622844039260093
-0.042361426999517206
-0.011707607622375726
-0.0529180058876718
-0.024237647295289568
-0.13267570622245095
-0.2371508717015772
-0.13405771330327904
-0.154119913667377
-0.00043838494225009674
-0.10511659188546754
-0.10103733425285148
0.22479329040744084
0.36172600351992945
-0.11951756371238875
0.078147227763939
-0.16656813495174821
-0.09321531929618362
-0.1556087014932138
-0.25917344663804104
-0.24533773020793848
-0.00528705251629432
-0.016304920424231973
-0.0743219895397484
-0.20640998972233598
-0.21356892955025364
-0.2524299604672848
0.05417916246139661
-0.26251679671891176
0.0941133877384719
0.0
-0.30413092550018206
-0.16904084304357428
-0.11569511141758912
0.1215751016187455
-0.19474366144314595
-0.04062369235318929
-0.1329272732676473
-0.09267480317307919
-0.16235742525228697
-0.3918049482227623
-0.15674228163490722
-0.4247836772411362
-0.18659900390871154
-0.4174513003539215
-0.09861591733251233
-0.07243367717038393
-0.15129247493157236
-0.07657268721174448
0.10863461776543261
0.024788496266339225
-0.08082071222876779
-0.04077567317437177
-0.16646680352241855
-0.11576606343110882
-0.07569855631199968
-0.10630937972246028
0.03959996754682595
-0.014577651034822465
0.0814163680038204
-0.1032863941709559
-0.09265069837863264
-0.11608346845775742
0.003928372148540318
-0.0426363798869203
-0.24608332815966935
0.05541987137051322
-0.065443777745321
0.21826559970748208
-0.3157547758332895
-0.1377180706884848
-0.15356854064759043
-0.1997507186984231
-0.26101178578103995
-0.09590215569278347
0.059261090044452694
-0.08379260489974318
-0.19747898308011277
-0.17223597358353732
-0.1960447334585097
-0.08763160668438622
0.05649228127876616
-0.05865942288980751
0.09880640662478707
0.07509733361150102
-0.11621609148873605
0.19729216574442235
-0.1772380522980369