-0.029204201949745115
-0.038976465557303636
-0.07766699780095969
-0.350279032593857
-0.04291825797274186
0.027894380829998573
-0.07250820248762203
-0.04911675056148697
-0.048991933615831935
-0.055579956423380296
-0.3356422522589024
-0.040067075230602864
-0.055546211615489255
-0.03754066120660589
0.059608748224162025
-0.23102793186720127
-0.06549089658317626
-0.0760543485476412
-0.34185900123340557
-0.06335204448182997
-0.017945334238298145
-0.029913458797657142
-0.3754780441545203
-0.16236671763587424
-0.010011450955518182
-0.053620363114207314
-0.020981238897285207
-0.14753399992412825
-0.031744325029902626
-0.05339980637723576
-0.10387244870952415
-0.09808485236253013
-0.04779991893731351
-0.05498918442634897
-0.06492235247543632
-0.06935198399608429
0.3659127073568617
-0.058713930461314345
0.22839497982558798
-0.05739362155460201
-0.06975367837294524
-0.04510705631370621
-0.060189311791227704
-0.08473297360042034
0.015078700781468233
-0.3931693216371164
-0.06258039386595529
-0.07803114020582878
-0.031948400943232674
-0.04538613630054772
-0.06537827257045921
0.2469433413676251
-0.06198040588285835
-0.02429013639204224
-0.10460629459776127
0.10926929679303643
-0.06146792840564535
-0.03434149019348513
-0.0630345348683381
-0.045331821269493075
-0.03644085543714522
-0.06975588459303342
0.1294267777422509
-0.17370170456861903
-0.04786083896091765
-0.05124373060773913
-0.05569344967796577
-0.05931451955392559
-0.019787750164669746
0.06888019912724333
-0.07728308673625518
-0.04757949874206856
-0.1195737662259651
-0.0997372120462903
-0.057445249350619176
-0.04979380660132456
-0.03992441582237418
-0.04585396088692823
-0.01137245228480566
-0.0624594712223394
-0.04452679657449457
-0.05654926627065064
-0.0423994179773724
-0.04635685645941058
-0.025198188654579012
-0.10033089214074906
-0.04377331479671943
-0.11855686181606392
-0.08137934640669749
-0.0812891313832823
-0.060525833774419446
-0.08242593465586663
-0.03448330700772782
-0.06951380929591107
-0.02884820301474554
-0.10652186283717335
-0.4003895633029741
-0.09616144149332606
-0.1375969855693022
-0.08612194465046412
-0.11516789762978095
-0.060538474820513506
-0.08705679559701619
-0.04667362033888783
-0.05219469018762479
-0.3687717470438992
-0.06038776714721325
-0.18015229869733176
-0.06796225483159522
-0.07388673361259299
-0.2979852102762337
-0.05484974553527133
-0.03298102900985807
-0.036615628656751824
0.03948985848531997
0.03378569206747128
-0.06722634283111617
-0.060562000193064194
-0.07130733602186737
-0.044288497365715454
-0.39355034528644117
-0.05376199281265001
-0.05554498921558816
-0.07736447983125415
0.24265094496734047
-0.6102103961026055
-0.044627923194051115
-0.08213232434580964
-0.11030527208600654
0.1741531158649151
-0.17178473096306046
-0.09976762691367586
-0.03638095223036209
-0.0633639871622459
-0.10060031230495603
-0.061788119502147076
-0.06404637613205395
-0.037503753030780934
-0.05784533572014401
-0.043661038038061886
-0.020828656942697428
-0.0646698565248824
-0.016819152534211693
-0.22278257721905723
-0.107577768872873
-0.042309772853364055
-0.09262910114354937
-0.03453420440909569
-0.05887895099305741
-0.14239399738852151
-0.2350865039081933
-0.06979092547902249
-0.043379959075530515
-0.05893775272879206
0.05502308156635808
0.08127976289537574
-0.20722064839436646
-0.3896333446350103
0.3347667080875625
-0.0444371482731372
-0.3999499677529481
-0.04985068637538505
-0.11785386431833739
-0.08911133007517061
-0.032650395966969364
-0.05718721684761907
-0.11549783979661067
-0.11343307081987242
-0.006674925871122683
-0.04797996896492584
-0.037956357422212414
-0.04845188980645984
-0.03483748509932103
0.005308029122520495
-0.0317024527615581
0.02211544126186123
-0.0612294953686758
-0.05972630783177673
-0.31748607560956627
-0.05274308107206642
0.0706084813369838
-0.04679065916734666
-0.07799839782858614
-0.17533146620970172
-0.12753461560615648
-0.04376642398807609
-0.2324281311637521
0.1372894790002873
-0.0697432416763558
-0.06972758883944398
-0.053053467572918116
-0.06510020476742953
-0.05139727726721952
-0.06135777734117296
-0.07521408579763876
-0.12837407271659507
-0.05765544131303344
-0.024648507968148502
-0.12550001529648835
-0.1109142838510115
-0.08047585922785526
-0.058766257877738544
-0.04237387592726194
-0.03904854208627165
-0.042550290553601995
0.033942875559224296
-0.06601462213347824
-0.022423248697775334
-0.03469423243010158
-0.05063832696070319
-0.027040021754004412
-0.02852111506121096
-0.06869389372635476
-0.09605159386632986
0.34140441472693467
-0.08689163860109467
-0.05503163811907446
-0.2563145790879642
-0.4965031938450638
-0.026495119275296124
-0.027860174807992653
-0.06048636421675338
-0.6302942129517379
0.08031851766961154
-0.04073743503941369
-0.12770414199841074
-0.12288006112636715
-0.03746832618680286
-0.050667895032166364
-0.08031513540487159
-0.09549553234357618
0.24656040557994932
0.08850993307732763
0.3197973174846345
-0.06309412173910234
-0.07748598216545893
-0.06330315405480942
-0.043516860197323856
-0.02085326381427835
-0.04169442933098805
0.00027638507863067264
-0.0468120167156688
-0.0599585052204791
-0.017587396733418928
-0.43872438362768335
-0.06659898363294156
-0.21344308623075695
-0.031694176684590666
-0.05862100588121106
-0.09062324329586803
-0.061249358762695334
-0.05354117474816148
-0.06021121302141782
-0.058805542530850186
-0.05811686282291302
-0.035569641358527984
-0.03677837433863061
-0.07650476984979822
-0.040072255473599445
-0.029144401785227005
-0.5279619994169873
-0.09974176459674408
-0.32369477055529305
-0.28403201845244586
-0.04638400359229547
-0.06519661158779282
-0.06537775191055499
-0.07371659703485064
-0.05398144793016898
-0.06519804768682373
-0.0805024403218345
-0.05120884414620787
-0.5021214337213377
-0.054269770915265074
-0.050646674167463976
-0.003349174288248752
-0.05974033780784459
-0.003160509163933406
0.1345472799323842
-0.013530909623332152
-0.08215435905525022
-0.21344271656647412
-0.39363311361966397
-0.03034111100820379
-0.0651245991997357
-0.057619801978926855
-0.06925833789265762
-0.07597373092404794
-0.006558402770548827
-0.0495530636583055
-0.05496917255048513
-0.04472575448333331
-0.0036813796662203612
-0.07346006769569953
-0.09531847523257543
-0.06208262091839333
-0.03766218883273683
0.011249722625266495
-0.13595127028250265
-0.19138800370348133
-0.38237061153741797
-0.20243542498631023
-0.061981271482132096
-0.077060657958207
-0.0528997696152423
-0.05732026341167491
-0.07322654701321371
-0.04012662812853587
-0.04183736797435687
-0.015869493304675804
-0.0932793057554716
0.25109800595769766
-0.08625804416586695
-0.07812815319953358
-0.04997693014843593
-0.04104062982953809
-0.08711680618150267
-0.05247244338930788
-0.03477233883790883
0.009235738367799805
-0.01576547070199756
-0.07285260026520857
-0.07075228131784599
-0.22406152787152558
-0.15180990417039553
-0.06286357629900317
-0.04924173711838437
0.12050806579229169
-0.035828418552444084
-0.1087405662843803
-0.014844395356868323
-0.07081258295266485
-0.10540642595957858
-0.054242922558474654
-0.10034050035233222
-0.04869570467593254
-0.10119747679540628
-0.0685490810924276
-0.05361700400278689
0.23282012918350023
-0.1492021187122782
-0.0588797870661617
-0.05306465331905158
-0.012920285552824306
0.15213596749803965
0.09485039246792976
-0.043285295670675315
0.08451612128696183
-0.6601944539599163
-0.05861774653619949
0.022474248946303156
0.16889837961887846
-0.014632803183827309
-0.07934623947018112
-0.019818447310333526
-0.04882049642450744
-0.4248906896175714
-0.13930926693611895
-0.014882354748599735
-0.20444524635387512
-0.0857543929804405
-0.06973562288964218
-0.18385198992615123
-0.07058236507172029
-0.04344175173529038
-0.07165401848923601
-0.0092715387399311
-0.04250856097646284
-0.08344902429265293
-0.05847553487958566
0.16804163275149545
-0.03745295588615129
-0.031182669172835117
-0.06979279025318615
-0.07692624314460472
-0.06599096006331943
0.19121140066017164
-0.07734240461587993
-0.032260834840475115
0.16170308025555713
-0.038512126314887374
-0.07047435167933344
-0.4505475331190694
-0.03702444192577467
-0.061048910110295874
-0.22901751920679791
-0.044305551387274864
-0.43839098105541
-0.23600414270013956
-0.04153249067110059
-0.050031219691875226
-0.10440597905562869
-0.029247258783533063
-0.10776086200309043
-0.2839840479986482
-0.13502258842162645
-0.05177748711406073
-0.022984334692726104
-0.08890012132379779
-0.17200684348165324
-0.035779911784544975
-0.08637534560560972
-0.019552099550773517
-0.1939642869109267
-0.028043131836186737
-0.0716019703462057
-0.1901695532965018
-0.04199477298747285
0.24826912472745716
-0.040992779344759846
-0.03880728766184584
-0.07414235119800741
-0.02415054035679598
-0.10835856097307238
-0.04106386324180182
0.1665574012517863
-0.054085325347278494
-0.17540329920203626
-0.10649417487483828
-0.0630521397449532
-0.07419448229646496
-0.03566541081697377
-0.04767213194989424
-0.14342981691120443
-0.08684052547094373
-0.217961026602007
-0.031183380405451832
-0.014546554866801205
-0.1018809171614221
-0.38599752623696787
-0.03655006464977757
-0.04225567227922716
-0.03602287914397202
-0.030287307099042184
-0.24765335319451093
-0.0313463561974977
-0.08874538231142341
0.29463209958322
-0.03634473850505052
-0.038927089483941274
-0.07656883706283577
-0.06090939959975631
0.2586652949586061
-0.05824159271052519
-0.29557220280338264
-0.04282595284413663
-0.03185596934093413
-0.04098934673110818
-0.0964735350815167
-0.07181771185077986
-0.03938094238146831
-0.1792198482527768
-0.17333872823735066
-0.04117106882530917
-0.06375157397714053
0.13924414243702962
-0.27759048358035515
-0.02791630913003932
0.04678558467414105
-0.06075259166723571
-0.09435087260141042
-0.13363525051391892
-0.024541879138689042
-0.07031513353366213
0.018544444851919875
-0.019072491946694275
-0.07558015901462549
-0.05887593680793442
-0.23374780921894303
0.09776739807151463
-0.04020208093203352
-0.01047454374984084
-0.4428301033091341
-0.05779312105321413
-0.03735414856125009
-0.033778910760814886
-0.051577520203049815
-0.031352321162799665
-0.030011373943116777
-0.06487503773176158
-0.06487202108652249
-0.11473398601214316
-0.025766917332157864
-0.046065384578281604
-0.05932467920856524
-0.041288826778704435
-0.040738739848452304
-0.16445124290391344
-0.09907905590657202
-0.23064199382040715
-0.04828449296210448
-0.3321543943161916
-0.04173692522978493
-0.027788711275402504
-0.056641480773851255
-0.07363567179801377
-0.061227575253164045
-0.08638275566256588
-0.01961548298573335
-0.015548282946431942
-0.05351771070387567
-0.00567926731499625
-0.0689757181936783
-0.047577288083171965
0.27682117978369225
-0.05888130920714493
-0.06858424377574775
-0.050823359287466674
-0.04201357180122833
-0.06052151856102456
-0.06043517711010829
-0.012154280231461754
-0.06427760719329687
-0.0345070598280427
-0.3030576161990325
0.24331137077700624
0.18342997927345242
-0.15798045907703198
-0.041989841501463475
0.22431844004488058
-0.02577248129528546
-0.06440082185837391
0.07255835790807542
-0.21013876641969476
-0.05085794603317452
0.13150300025652012
-0.009601316402253103
-0.10265003862353982
-0.03911779618617423
-0.04709475121111753
-0.07010552003212818
-0.0049771139489634695
-0.045436680287163196
0.3352212872410992
-0.049014260021845016
-0.09982104291966018
-0.06054914262657995
-0.04396800045711762
-0.014342670571569288
-0.04666742461064412
-0.06614658948762435
-0.05907665332291886
-0.05264576593681603
-0.04885805681022039
-0.06997067231009699
-0.08848612024015952
-0.05594895378218071
-0.044995695374120605
-0.057656597144034594
0.29933516535093563
-0.07411620813548211
-0.052454828462807745
0.01764949533465885
-0.057649129630262544
-0.017864993640909068
-0.07099661484690052
0.7080353010608385
-0.04576741491322694
-0.046652445935572794
0.11294972261137107
-0.060343295318752564
-0.026648489555721685
-0.14178100973873556
-0.050192515136645424
-0.02793799355910271
-0.03023799632588676
-0.11608196408030906
-0.06413465035718498
-0.034358655315627123
0.0007129374928990767
0.27056210358505417
-0.06516170620389855
0.27131043137133526
-0.054192537813961605
-0.07441045946220298
-0.06532405292631362
-0.04930606065099116
-0.1083719892923479
-0.054073228738295294
-0.05569168453454943
-0.040782552913116984
-0.09878826711128307
-0.05414922850303462
-0.07811456651267014
-0.0518123685220213
0.25150626762166206
-0.15249218566740272
-0.049406999219126
-0.04069579888844079
-0.051159019570782165
-0.29836125185080103
-0.10324593273600201
-0.026045712610885934
-0.10244299135307586
-0.042792924444474564
-0.08980631280527984
-0.2577480115105598
-0.02411313924944902
-0.09336347187494215
-0.05225918479743681
-0.05425364936579913
-0.025287288686523194
-0.3519248983939409
-0.0562175107007733
0.014235423812218196
0.235947686954548
-0.04325487809862881
-0.3944243043457278
-0.01926717338406947
-0.03772114010949469
-0.21992484495829567
0.2020641150269817
-0.0481861702359087
-0.061729076892193153
-0.09314819779571244
0.41499821303811374
-0.03248276041550927
-0.0641075245732125
-0.3221254464892851
0.37184472185177786
-0.038410779022907585
0.16740266317392838
-0.06222871507671656
-0.051994470538898135
-0.06771437564417992
-0.06925699598427877
-0.028053798815655815
-0.07202575020383468
-0.05831758627553352
-0.05875580443976134
-0.09423616670037462
-0.06184807167355549
-0.06229914820917865
-0.11175898993441437
-0.050419156210279745
0.1579531383584864
0.29269588366001126
-0.08385673056787274
-0.11669403170097455
-0.043431199733179174
-0.011962680309626347
-0.03430323204123765
-0.02011692821380845
-0.02660495256620726
-0.03854692439439655
0.0032670981724483255
0.16958045733195085
-0.0801234455226706
-0.039036417545953744
-0.6110438310184102
-0.04583033203433401
-0.038744836046252
-0.028307970944751203
-0.04497015252900066
-0.12558175210400155
-0.16199104057211733
-0.08467326896791443
-0.351202295040896
-0.04154599532611475
-0.03601733888805101
-0.2166222093707478
-0.06390194662102575
0.010266604335907654
-0.011891637094377027
0.038812367270356786
-0.058368118659442865
-0.03923324004642308
-0.05725247998108567
-0.07363965203206363
0.18365368659689088
-0.11642808585535068
-0.12746837433350688
-0.24344111778790903
0.2699648101387958
-0.06820614469210416
-0.39736888627918393
-0.07314683770479134
-0.05141725431770693
-0.10242955939729807
-0.05733447796165885
-0.10932177878702912
-0.5503065178068631
-0.15136091544915878
-0.07574205734162619
-0.02757925974063214
-0.023156363538678316
-0.04200932719239821
-0.07130504886371755
-0.07833011660426882
-0.01047497293694427
-0.015884823389823333
-0.03296838522209504
0.014884900971827255
-0.038720495580351066
-0.07041809961874025
0.04209519749436771
-0.060201274460217655
-0.05062741240850173
-0.044042745307187256
-0.16746669590102098
-0.033689192545913946
-0.09748856501371495
-0.06426160390973129
-0.09892943430548323
-0.026090824559410752
-0.04920075208565767
-0.02837896916099608
0.0171654341699653
-0.05016464191685353
-0.05920552408953731
-0.1793979493471095
-0.06136013001349547
-0.034267872078581826
-0.04041359753086652
-0.0458043795647336
0.03459497793428406
-0.011008168183819124
-0.030212506075022467
-0.03640202510381094
-0.025604261635687898
-0.06149240963500215
-0.12787081871618888
0.3492182652454202
-0.04119987644215366
-0.14433589171266992
-0.04063601956296722
-0.16725322826971883
-0.2678642815720735
0.041064670185544654
-0.07824387517417178
-0.04069580041995158
-0.02805172347828778
-0.060200634838491654
-0.029402584651797636
-0.04512297963178313
-0.04609927437425836
-0.05258628421392657
-0.34925375458860336
0.017189982425205325
-0.04005185447829258
-0.024931463080528887
-0.02746911003456035
0.047331456172900126
-0.0331139351424996
-0.06407773003851752
-0.049954803743538244
-0.04278190886720665
-0.03715169790584905
-0.049510991827008785
-0.044571857275637006
-0.05532849755641898
0.4850095422670412
-0.04295477018614754
-0.292214959874348
-0.033546068847353366
0.2341171386804466
-0.03938139671759177
-0.03792642187348352
-0.06890062126012818
-0.042430468384934625
-0.03999306412249755
-0.042832604723701054
0.003129252195363381
0.19627589124772055
-0.0461047912680857
-0.028373860833933336
-0.03727403283681515
-0.04554626538438229
-0.0915903537775925
-0.06152321726816172
-0.16017661142739978
0.34988496648252165
-0.034664913806738744
-0.08008833316560605
0.3240435041206428
-0.052113123835006776
0.4277824550420455
-0.24513486002303725
-0.08069647167609945
0.19149377794133488
-0.061788728853478254
-0.05528122774796532
-0.02050997565905408
-0.16632737628114005
-0.022831472570445287
-0.043581708319488335
0.007210945259551366
-0.20419965169189708
-0.010059407680658978
-0.06606529649764725
-0.03373510235860023
-0.04640262672445245
-0.10840952034909859
-0.05344760358439608
0.006196309394148444
-0.06616678247789004
-0.06665455407095332
-0.09823634987736168
-0.07666697761473977
0.31103167093748046
-0.03187454649547383
-0.07553057337332854
-0.14875555172837443
0.11811218827450995
-0.05524378669865468
-0.07414938566103813
-0.04427079968551918
-0.06135182805819155
-0.13642475733545695
-0.04960383958917952
-0.0498273455226422
-0.05644448048354282
-0.10868136406086377
-0.044979681646839784
-0.04864590023314747
-0.04950275784931661
-0.26463553005471363
-0.3657175896548411
-0.027117939022683883
-0.1079556903515161
-0.0451526275436375
-0.08235626527796056
-0.013354611235084518
-0.1720441809023849
-0.03264550592337491
0.24109073024480185
-0.044074195167113715
-0.029757484107955378
-0.3174624642294655
-0.014687846966826644
-0.04269643936297103
-0.32061825675770034
-0.04519117968236923
-0.07059929381364863
-0.06771204761235763
-0.36949348940012555
-0.1684278337205616
-0.21115457310011357
-0.05214230681879466
-0.05882856731812409
-0.055405484377908334
0.009982669232887266
-0.05371567929563467
-0.048856499060152186
0.06966589440427538
-0.044365926616684113
-0.0994804365408296
-0.1179294350929585
-0.003993926731502966
-0.012056161347639155
-0.03882854892653543
-0.077427281184498
-0.09054239678304281
-0.051068270769113806
-0.03310415379639122
-0.4613301321855686
-0.13675949611163934
0.22559949249419822
-0.16946365943477856
0.2004246561735459
-0.028427670062333047
-0.3057459572146119
-0.0328342022241224
-0.05193678784499965
-0.03324980741318486
-0.07323914595902488
-0.028239206099753777
-0.07109772259610724
-0.11662853083786523
0.007577394357216454
-0.04152748644321807
-0.04169773580223638
0.2561241799538088
-0.08154856491766554
-0.06471225142560051
-0.0579243168381889
-0.3139763222968767
-0.03477921843087382
-0.03253755530475466
-0.2864113559831228
-0.018186973900736383
-0.04063224994456875
-0.036034146292218405
-0.04722354725868138
-0.07389780820364847
-0.07067228027549685
-0.10551657236566168
-0.052080648621612824
-0.08036711973896354
0.03473526944746247
-0.05536519600579807
-0.023076131404884338
-0.054653391216197895
-0.3950042027339844
-0.01887710611024953
-0.03080328565876259
-0.09086047114080027
-0.06474333005722836
-0.07241454953892969
-0.048307484957757926
0.04780196922362882
-0.20097451270924432
0.06308323698511568
-0.051211478586511344
-0.24218837950227398
-0.016956741143213536
-0.04639608011970255
-0.026954554980899784
-0.031176866420583337
0.06532222091621857
0.04948049997363194
-0.06665849605210805
-0.0776698036530104
-0.059242186480390514
-0.06708810679945498
-0.06608969283650691
-0.07352334370611055
-0.05415339033411695
-0.05323649416207451
-0.027816181770460396
-0.06257469062141889
0.08899911617160747
-0.1731518438214288
-0.05843782977002851
0.026481079772725246
-0.3509189950967094
-0.27131920494728246
-0.024858427316785846
-0.010532080449705094
-0.03178127769798351
-0.038965823863916095
-0.058390353033724966
0.04273951211853879
-0.026521505447199025
-0.052663250923974156
-0.1979659006681983
-0.037115465718069014
-0.042841925441929926
-0.05025193796802212
0.10637222453202999
-0.036427250157909485
-0.020512074507326707
-0.031919760920131136
-0.037019472948143145
-0.05369340682949763
0.16928874506797398
0.1998305103687042
0.0568398872654263
-0.02143560520999914
-0.03255579533016613
-0.08079378946902413
-0.06411309982512366
-0.07298619683001198
-0.030050928878155424
-0.028691903276553413
0.01804433559336081
-0.010662973977161566
-0.020814819978769838
-0.6296694037085139
-0.03272297169336364
-0.033380197580181264
-0.04827890051127805
-0.2811231665890845
-0.2729833893372996
-0.04467471598172475
-0.04082011574251233
-0.042606223804414645
0.3444731825652605
-0.06827056034186511
0.30288690219610637
-0.10806318074758571
-0.08360330951827463
-0.026012132711803707
-0.03522913556205034
-0.030211083053435533
-0.019165983012080133
-0.03736086248664152
-0.04842769060498087
-0.05745102247754583
-0.06554426724577615
-0.05079437545137175
0.24963247552375684
0.10076855054812961
-0.2342114574397829
-0.02687087262909034
-0.254633660307203
-0.05938901322209568
-0.02584759024263663
-0.024803503453791384
-0.3391490806024068
-0.20637947340039317
0.42534962835208384
-0.1146439623680696
-0.03410550806996076
-0.02549363539669046
0.17748290379888118
-0.047912586985889453
-0.08128547185621558
-0.06280062275038102
0.13587391770801086
-0.08781777159903209
-0.0749644529384108
0.07387626103013101
0.3298621573140085
-0.06700032305453463
-0.06604721894331272
-0.053712713556318015
-0.07050110623489601
-0.08710219196545134
-0.09152340256642504
-0.018159040896584384
-0.05102757458041915
-0.3909962135954876
-0.13712821213832913
-0.040452206556495444
-0.07274303141262974
-0.021992012628914415
-0.03497169647317091
-0.06221747800473668
-0.09621519564466371
-0.03852002300461195
-0.3794716586590403
-0.07166588082287755
0.39491147660704795