-0.11785243904567211
-0.004705362108682409
-0.09814847134435048
-0.4111747000211707
-0.48660697643044576
-0.0737775857264282
-0.07765554071332223
0.003975259933644077
-0.6958616152759801
-0.10886589245288551
-0.11627289612139226
-0.02006400619903433
-0.0917003501320772
0.10515747048177361
-0.14947455175553678
0.02351585306255545
0.03748191456382306
-0.06893319462974529
-0.0987284596520705
-0.20300684012119616
-0.282563387437067
0.04492700000869434
-0.2868929071716397
0.08068015835686392
-0.0382812003279231
-0.06534898760608458
-0.0814352281424325
-0.1307593427695121
-0.02075931594314462
-0.10633761284598629
-0.1742987670337095
0.16031819130941954
0.009361693040684963
-0.08429223976281688
-0.4341062577616446
-0.0548954615984151
-0.09203490777459063
0.08430143267811697
-0.12037827928306721
-0.043270455908341464
-0.28349425517803506
-0.2068641716478697
-0.19490104830753277
-0.3666322762612225
-0.7305994826994279
-0.087708339967949
0.21668943359128073
-0.3620043591079149
-0.1714660749649234
-0.5258876935224847
-0.03364160856787433
-0.4025811964311078
-0.09584188416271938
-0.45906009815883786
0.17505281287246208
-0.5379157797065027
-0.06712232616100333
-0.1875385737948094
0.2926606519774151
-0.1164045442578315
0.04637782215172835
-0.049116527643788904
-0.057165702633513074
-0.08080948163137913
-0.09157882366640055
-0.2329370094941345
-0.12473051488921486
-0.1280395161191009
-0.032543848544502506
-0.3532917476898792
-0.05840327455419184
-0.04040569610645093
0.14749416161361023
0.2496894238204049
-0.053763066498233605
-0.09690542540656844
0.16226736340800615
0.2459978131650735
-0.10358166610005118
-0.3331839798868594
0.15861763255582784
-0.05045528290682257
0.26012869431358815
-0.33480245856551977
-0.3348714655320716
-0.5585181982672592
-0.03836288188727976
-0.28122668532996
-0.3544801666067954
-0.26168379684558846
0.12760235623732283
-0.0685513932581517
-0.03278461402639748
-0.0643465890740889
0.017430523376476596
-0.12789686642880965
-0.3898500461970442
-0.19933641012320524
-0.08396920692401992
-0.17066786735383688
-0.06928518932366015
-0.22532475625447407
-0.09272269816117798
0.021214415855967082
-0.09127476119920702
-0.08623015318622887
-0.04824912942156268
-0.3935071009891912
-0.44906727611356145
0.0003469365945848212
-0.05140209016797013
0.14980681757071532
-0.09483953345009793
-0.2039031232722628
-0.03791800112142279
-0.37006838245223206
-0.08813299583958438
-0.06095787599138118
0.8649282468532395
-0.006329436114117204
-0.12168525915964397
-0.5207785159777107
-0.42395602906471713
-0.07735965017935978
-0.06829474704618288
-0.04619381387984872
0.13372736759219592
-0.06269799134067106
-0.050594593528927555
-0.07879009066756931
-0.08628945800082669
-0.03288316496669569
-0.10109605370314675
-0.06948753221122556
-0.5537515626406665
-0.3217798574844615
-0.4091358760863009
-0.14994955416478198
-0.0774472814849112
-0.061958734290145374
-0.11237096814612393
-0.08795931557127377
-0.4987234211678319
-0.08110751917069231
-0.17870863755659808
-0.13567824485193888
-0.2561924605040988
-0.48585789057725415
-0.5842597101940016
0.2244110361075755
-0.3664378234546614
-0.2960771284063795
-0.07682784114049815
-0.2415058548186995
-0.06711987960524633
-0.20268523940599517
-0.6145870019162485
0.10056169273741344
-0.04362668344900618
-0.39525365081771774
-0.07982261786445906
0.3959176332541875
-0.12662325392958598
-0.4248265333682294
-0.13180107661454224
-0.030325807581868272
-0.08467040909373724
-0.1752943481226838
-0.03429759170557097
-0.03894869196679403
-0.049640713382447264
-0.09833449808554436
-0.31029359097445924
-0.5616722249139402
-0.14010415759693937
-0.10617918526236005
-0.06517992178935979
-0.3758354032781226
-0.01550889869767506
-0.053223655334247735
-0.16273276760362862
-0.33804646453262793
-0.11596458526093784
-0.22159397584996945
-0.10402587064267231
-0.09564018293610636
-0.04887932537647742
-0.3420492038483002
-0.10850688867357611
-0.09821799563659374
-0.14650260048472483
-0.5459220686242376
-0.15746503361199382
-0.13117434709784467
-0.0656449302835647
-0.17133430360490615
-0.2629840146799421
-0.13912559936890176
-0.016436854760289672
-0.074995343947752
-0.11518719391933566
-0.7153593295822631
-0.060871570171502305
-0.5865478966589809
-0.261989257183539
-0.5446295364289112
-0.15786662772621826
-0.0626695386688709
-0.1101792631481893
-0.5786911637689749
-0.10662388059606986
-0.47736620568766946
0.05527454075787863
-0.31281844607491704
-0.08692494159555564
-0.07846257879604841
-0.03856148506147834
-0.13310415823577348
-0.09024450136629604
-0.06916039396596647
-0.21539461442044897
-0.07670805055026077
-0.012445557430286691
-0.03146567909621705
-0.09309042339808053
-0.17968715565276286
0.01979993111724892
0.16740982117236078
-0.21596363252918135
-0.09040060766877547
-0.10868674988069585
-0.04731996382500938
-0.05904940982747274
-0.33940159955939275
-0.09992944767812714
-0.07971270367956187
-0.008642045416843462
-0.143647762021142
-0.09426145039139149
-0.07473193832011726
-0.22980292262944144
-0.04820792899151596
-0.09001325944004843
-0.01297196187528863
-0.24119593038227352
-0.056731036361209755
0.29518946137724106
-0.09299426735608939
-0.07821950342730574
0.07222258261617959
-0.1338868940787841
0.3451125881711339
-0.057731934309675194
-0.0724164314824395
-0.09755784005419951
0.20015853631203914
0.035928393888073895
-0.08971750710768019
-0.34665484032230054
-0.03326309718151844
-0.38630902447057164
-0.10225607003754968
-0.3630611989051337
-0.1422584717518373
-0.05854243571698004
-0.1344194720640599
-0.425757905422013
0.38574216654195315
-0.3201717259136927
-0.2660507038337427
-0.23844353990210393
-0.06775372905313759
-0.01666113057242003
-0.09742716104995092
-0.12861355689299556
-0.2165287756617316
0.0836787115603691
-0.3499122157417956
-0.46153935437884436
-0.2548322917118172
-0.08602311509160523
-0.14002944001920517
-0.07178653119455257
-0.08358861806978116
-0.3873174747048722
-0.062072715029229605
-0.08427203317603957
-0.7235917818307024
0.6574030311727574
0.031830596878540625
0.3455395422111322
-0.06250962737047193
-0.011642985822456446
-0.5697576282338906
0.16902558391667974
0.1968596554760323
-0.04763133458764505
-0.08855544346811674
-0.0955504718733174
-0.055364120918355256
-0.4032106287152313
-0.15531363055518632
-0.09057883359798782
-0.2656559850437318
-0.040840287901548734
-0.3687128173444071
-0.07664473023875763
-0.026496657124870197
-0.14630060134894418
-0.06620784784805202
-0.05665199797399442
-0.33143766307270434
0.27786075234924057
-0.10241957361799692
-0.05242282806410569
-0.6034963154598009
-0.3790025498734397
-0.13062608663424258
-0.16378476300500153
-0.27824561154140337
-0.08827567825773068
-0.06735431113311222
-0.17440418354651657
-0.0604336373752077
-0.09042155236889868
-0.2175790697075565
-0.056029197442991965
-0.097314072642089
-0.02155797410937258
-0.5108246615231431
-0.13511861626228672
-0.09145005291111007
-0.07531754645830782
-0.10321347435100317
-0.3750022304074155
-0.07350503242624358
-0.2348730741076613
-0.05280983985037235
-0.05791165705862851
-0.08747772787627629
-0.31846641701848327
-0.05401135270912028
-0.07178580429748178
-0.30156413450895153
-0.1098508744054271
-0.4781453190830022
0.39333820055765367
-0.06281086181665779
-0.08616942962656048
-0.06438555888094476
0.22214476882995685
-0.08806519842311242
-0.0754522154215202
0.39990185684549673
0.17190365911460692
-0.08941804041342988
-0.07521244656897112
-0.2644272496209681
-0.16091325977282808
-0.4099266635461619
-0.11225868147123533
-0.09835126469072167
-0.12459943046391359
-0.0812931663406147
-0.5203796036646475
0.46682417011326544
-0.07553203651235221
-0.06123104239006055
-0.43369825292185465
-0.07129792113407914
-0.343459126755891
-0.06798299248963467
0.1255742140077048
0.009238520191505971
0.3913105527443977
-0.05493875008082806
-0.29305128352885623
-0.2725843237756435
-0.11068285266535523
-0.06699207894442921
-0.1786284710906076
-0.07366339526694118
-0.2601140793150099
-0.13833201163433695
-0.20964661623378292
-0.3146295674066185
-0.11523179579782505
-0.15587583311546366
-0.07099917534970662
0.028301097213019842
-0.4709791718272009
-0.5148270302265693
-0.4699800817663559
-0.37212277476283245
-0.08415648990908833
-0.002492021323982182
-0.0958013020464541
-0.12739145724151912
-0.06301383989161126
-0.13353649215652102
-0.0366244208350794
-0.3030420973239461
-0.08673228097176829
-0.15758573837981518
-0.0764490913877839
-0.4629631433746177
-0.09058054663298007
-0.2680278122803858
-0.09406688625357147
-0.658207919444009
-0.10150279283028338
-0.4312207475342196
-0.17582333612559706
-0.09148369663009794
-0.08565116268241978
-0.0745689736010921
-0.06156100178595202
-0.6617228283096146
0.06758995960453858
-0.01898901919257663
-0.12642726708060417
-0.08426285215342384
-0.06086191674189766
-0.18238218863498126
-0.08173738566812558
-0.10456314418671804
-0.06655218040961931
-0.09297753130388757
0.2176281993869792
-0.6143358578356144
-0.10334729015109125
-0.08943189949404638
-0.009882988485836118
0.15395953320863975
-0.15081278614638546
-0.0527413482401311
0.2170095524820411
-0.4686234205185616
-0.16639168830633888
-0.31504498791693697
-0.019358287328697578
-0.0728684339269453
-0.061002048695308064
-0.24404308077752573
-0.07501185446514963
-0.6082445984326645
-0.10582961988147907
-0.07876170830817225
-0.12211048663613899
-0.06335250381608909
-0.4814146898036786
0.028462628026325664
0.24543442578384297
-0.40993724382036056
-0.16732690810554315
-0.13530331651827224
-0.06451989266847608
-0.08063172696775467
-0.20011342664240345
-0.3471505600427172
-0.11209498261436886
0.20598702309871444
-0.07834175417398644
-0.07765875598073467
-0.07211402205120454
-0.3271258680616415
-0.08190867335992058
0.06721517940134888
-0.11204240522506569
0.30122900683662535
-0.4222290878606562
-0.13239273594890322
-0.0460238131958264
-0.11968650083020867
-0.3630397384393791
-0.3147579244929197
-0.4310393331127137
-0.13103613876447878
-0.09221396183874239
0.7646359903194326
-0.08631805243137212
-0.10653970986651823
-0.0982188509062007
0.16149807447820574
-0.06894170236834073
0.2515378189569222
-0.026483044509554198
-0.3078307617082755
-0.12871524907853113
-0.07799287368870339
-0.08616782688143673
0.23364419879714832
-0.21391655486058478
-0.06716636472901862
-0.10096640381926057
-0.6330213778507592
-0.16403841357426427
-0.06792252862676487
-0.3331933498801446
-0.16699049855048775
-0.31463109111902104
-0.07315472155017516
-0.7302550311290578
-0.0870242754051716
-0.11227693525047622
-0.05294408539090047
-0.09753679784374492
0.005247250257190651
-0.060575573528573075
-0.18696019776501283
-0.06299491057598737
0.02592926173829801
-0.021394294655554653
-0.2924423522318442
-0.07530131284910162
-0.05716299439196303
0.025089437504673344
-0.31881932063844565
-0.16291567615136593
-0.07229501444114858
-0.3023079129339361
-0.0865562589046262
-0.18289504061122996
-0.2771627250293769
-0.03798930827769392
-0.15697751655793063
-0.10557250528766463
-0.2700578893053593
-0.13272541035825652
-0.25408678321703637
-0.3751683891174266
-0.26572934363602735
-0.07099273978242604
-0.12869947762894188
-0.07088261849620325
-0.42116974779029065
-0.14921856619620122
0.1280778089496418
-0.5386930853089915
-0.33077615609304195
-0.22828845310806498
-0.1179352641247125
-0.11766664073753132
0.2678107511717967
-0.0373444777114221
0.0180203455861638
-0.09070456555626014
-0.06493344319656345
-0.4699684348786125
-0.6351435093782035
0.14853543546761497
-0.08912287341179871
-0.08336713077647592
-0.04333725755080155
-0.11539433042011207
-0.4363911375033815
-0.0863511050447311
-0.11267180668826743
-0.216612656437711
-0.19465641889730476
-0.13671262313941665
-0.371464425134692
-0.044429068417083245
-0.09064749599262546
0.30868309010940054
-0.09773010455217962
-0.026640937001428118
0.09113147705176823
-0.6814806307674383
-0.14624202546495343
-0.5453987253545145
-0.07190961531360195
-0.7251745353726389
0.34310233313228594
-0.36589680900564114
-0.538852312467804
-0.09204737730790769
-0.09441071023730008
-0.27301802255055996
-0.3250651777272978
-0.20099211633041345
0.3175399734302718
-0.04711495365249836
0.28343942313451326
0.014086092376856096
-0.041969977558911804
-0.13263578800067508
0.19382060263503667
-0.07917712919724947
-0.2753975391151622
-0.3773656665468981
-0.32147966509713194
-0.09894427479210578
-0.4525024418191724
-0.05094809590062518
-0.20825541068582182
-0.09517992913204959
-0.08739658330396406
-0.452334521146459
-0.30493564977753224
-0.06699020865065879
-0.06324746510725257
-0.05870623906603031
-0.06657946576592591
0.24191373618971523
-0.30086763049923626
-0.07153743952176504
-0.07527702404942738
-0.39856643174125805
-0.22351760804302861
-0.2187554282417436
-0.1411006495462017
0.034094371014874364
0.2565860134393441
-0.17614293270541326
0.0496604443194061
0.5682750282296392
-0.07403010669413584
-0.24393489156946221
-0.593752414010677
-0.06122226321472191
0.18010280973634002
-0.0758352117484108
0.02914597833078594
-0.14682146394582096
-0.12018251516748246
-0.07823913683381534
-0.06125842582224383
-0.27374226254741657
-0.1369964259775009
-0.048217471695579314
-0.05389758810957383
-0.4614528732799777
0.10636077231728146
-0.05257864189550769
-0.21289509393255
-0.13842559304382973
-0.07632896687123074
-0.39973852649035424
-0.2651306554676523
-0.03810464845687926
-0.07078107540523866
-0.09542113822270108
-0.08592970147306342
-0.3324146271201422
0.01975771961207254
-0.16917376712629242
0.08870795355753615
-0.07072080288319701
-0.26960548305619914
-0.04754048452872329
0.16887990551757298
-0.07463476645170172
-0.17486194152964804
0.036550582289668246
0.07389721822067302
-0.07332116800417089
0.07450700874622015
-0.10787186544784935
-0.19651111535434618
-0.08611128319469802
-0.1804903245645221
-0.04836970755536228
-0.0866518176401848
-0.053387040099070485
-0.07394347318267848
-0.22099488756325575
-0.08800104596709175
-0.3102202793894532
0.05180598199878449
-0.06925524000326302
-0.14578100458672621
-0.1093027568489854
-0.003645726201922251
-0.06683658046807237
-0.060186698842120405
0.04686766576749633
-0.06978676854028379
-0.07410505449554655
-0.168786397100183
-0.10227195664467664
-0.26683918358098163
-0.05039766800086109
0.20333462122319992
-0.07904983088487814
-0.07626707939678148
-0.05189441454549575
-0.07098183748050073
-0.10204838448229353
-0.0316407110178647
-0.070701423852372
-0.13601432571904504
-0.06909529430257942
-0.15094045876941523
-0.07261124443985749
-0.25983604417857026
-0.263138650415013
-0.11758940612113745
-0.07133128934654909
-0.061830491939791295
-0.18847463760604588
-0.0672610251301711
-0.07240716406691808
0.23379520078574723
-0.06675744437125013
-0.11431072744506997
-0.3615517778280294
-0.08044180092241979
-0.03405850219373762
-0.10835850905670945
-0.08304013663171467
-0.08534227119509599
-0.14584913947087824
-0.08174148138380061
-0.06722649432408659
0.12163495554651574
-0.36600739561629925
0.4179816893300868
0.4275219552482651
-0.388895373676936
-0.14521342446767443
-0.08703312743065345
-0.06965056932236122
-0.06593690358344198
-0.012565528129084215
-0.08106939383748524
-0.0859259641425729
-0.06890400683125758
-0.08296991690235302
-0.12316275904508174
-0.057151327244500276
-0.24979983147325777
-0.04219406821076896
-0.08137682768136636
-0.028758243603600787
-0.43499098852385026
-0.40593226927419085
-0.4044625591222808
-0.03852182276922131
-0.06422609634221552
-0.055376836548317716
-0.029705836439104794
-0.04683075123740597
-0.4890947096752014
-0.09526190358739779
-0.4483329158648773
-0.4320964602458635
-0.5645165256917744
-0.5222714390652833
0.5197135982618478
-0.12497781390327677
0.0261207125819674
-0.07229826101074918
0.48058500660569986
-0.05364218744522012
-0.1402585022630468
-0.0506928352002851
0.07775165986162058
-0.1463698031935697
-0.008546839872603126
-0.18473589775215862
-0.09019452958220721
0.0038768197277905597
-0.06634980294667277
0.08872451301901561
0.391684569515702
0.17307812801128644
-0.3844095325570467
-0.06643353662313367
0.06768747987032092
-0.0666214246654413
-0.15184228348957654
-0.07303364880463759
-0.13138774452834937
-0.08801292222752694
-0.1160892166813235
0.043603805655354315
0.2569396392481861
-0.4402245490710732
-0.07582462226717732
-0.6811682263757959
-0.07181348571782192
-0.407586131709821
-0.12949177595575342
-0.040342704233303016
-0.605312681916462
-0.5944473550844448
-0.03910871917088907
-0.09230412567392593
-0.17680990997894194
-0.07567370304623028
-0.11692608603569668
-0.36984420445960636
-0.08160965988098429
-0.03285851419683058
-0.06272819453985967
-0.18956230892977652
-0.08662797939017487
-0.2762890000456574
-0.2997281717088179
0.08898010712727163
-0.33349566373046285
-0.05105154311120255
-0.27353337453300536
-0.14613107869333714
-0.0598107599894913
0.005937527712254871
-0.16137146684489642
-0.3012299448317695
-0.07641858774808545
-0.08241723782909491
-0.05795873659017914
-0.048165692539892106
-0.20413333084492277
-0.15491781594063858
-0.054928041336326505
-0.27997928040939907
-0.10220521581331403
-0.22680977282354373
-0.08624730722601412
-0.2743478948441194
-0.3570221431566949
-0.032159245018270194
-0.47242428133425285
-0.15641128404494564
0.10420202071534838
-0.2866864426395807
0.10841107114111753
-0.4349251698598388
-0.07696890993190181
-0.03252499577572196
-0.11485982333878458
-0.1873058093405673
-0.10955844428320816
-0.1115462970592171
-0.09620544239579097
0.048191955694631104
-0.4323791406875246
-0.07334851588307371
-0.039282187889672186
-0.3408530229060344
-0.4389640001423012
-0.0978642799580223
-0.103686898558923
-0.052368147551389466
-0.7270092962587138
0.5019566357487159
-0.09279353496004221
-0.04359588223565147
-0.4174655916704372
-0.05489594373999445
-0.06379518334907774
-0.381566079883527
-0.4745020131896648
0.13820415589342724
-0.40390223121660396
-0.08896345706620815
-0.0943134983336378
-0.2762478435468932
-0.35526396816227096
-0.15907257969667166
-0.17576145562795215
-0.09479567965817266
-0.07142332072714702
-0.5204718268169791
-0.36061296486925587
-0.1866166186567693
-0.051517284638951166
-0.0883255715402761
0.11866202265302787
-0.12043435642927582
-0.07125531692146461
-0.0960532075759062
0.17815382227816218
-0.5878988205825849
-0.06037839113608831
-0.05258538024297259
0.0007294468092664718
-0.09754594803727507
-0.119863518855056
-0.07217490611760673
-0.2408750449307649
-0.0942251237830628
-0.020105711948132588
-0.08873926207845063
-0.08807934171727763
-0.12484402631005553
-0.08396883349251916
0.05246096588078624
-0.4292358514687092
-0.11133275528520993
-0.04525976721609503
-0.2877804836274148
-0.09893076480759497
-0.07676350414158309
-0.4242150389775265
-0.1403288416145852
-0.09463304365092595
-0.13791083252400183
-0.08343094030577426
-0.0882078631701827
-0.1459816077795014
0.4918768562068347
-0.07594827448373452
-0.20557676912948628
-0.07341206967148063
-0.08827835844231367
-0.21046977686873242
-0.033630518294461814
-0.13003400539033266
-0.16913294647036783
-0.20963908090021788
-0.07897467104803069
-0.15112264714111823
-0.3501717757129921
-0.36318714122732876
-0.045804343542253156
-0.48914498739939827
-0.09423290002651541
-0.4364163110473411
-0.3375063347835119
1.0850975478956595
-0.12295370496085574
-0.09785063031080798
-0.25149962712436136
-0.08463157987551112
-0.13390592350011116
-0.15845182141863628
-0.4574871286776651
-0.06939014188870166
-0.0342710106047685
-0.358101631934869
-0.03539630097099084
-0.17830858199002525
-0.21000569164242655
-0.046317580068814986
-0.08832993968379618
-0.2520893946797001
0.04921048757252913
-0.053265870056644286
-0.46955343403359145
-0.267938124321273
-0.3499018714631154
-0.06505961718347128
-0.131395829650495
-0.1208163849849711
-0.06195987209192843
-0.09385942562158661
-0.06459456128757499
-0.2253031278103803
-0.014846836448801269
-0.027991978272061402
-0.08039969584717059
-0.12811690652333604
-0.14340882576114222
-0.05119635864835096
-0.08961390458415881
-0.1492924365087246
-0.06641287903333815
-0.06851459344029051
-0.5778702469173166
-0.3686893657047407
-0.10569570176499571
-0.3310369062963975
-0.31218283023484766
0.12373610917508132
-0.0820353627016057
-0.08902492455615471
-0.024638716298878722
-0.09830216818208862
-0.21072050093966857
-0.6661651062437884
-0.401234402442013
0.005568118396965103
-0.19165915647203316
0.27693105309509464
-0.15244091675961333
0.004972390159190533
-0.08412827046636663
-0.13622056063436294
-0.3419265842716419
-0.16641398771573565
0.08734118962731617
-0.05374077991382527
-0.09152628193034569
-0.058533246970761524
-0.2821522431395585
0.18534361909449668
-0.05538521042067957
0.05644011503675106
-0.29973636314421354
-0.041636566279379485
-0.10476958797862936
-0.06893099754062473
-0.4081012263773181
-0.08778360977450914
-0.04585158498392736
-0.5167904907366787
-0.07605392097176224
-0.3155642400725198
-0.06515936654611629
-0.07553428757403197
-0.05531073060811674
-0.1636692196465794
-0.3065461452584429
-0.07112685176540012
-0.08248879904385636
-0.22236968865946166
-0.10677379145052716
-0.28015813037522463
-0.2577492512208134
-0.471674180879583
-0.11776098732471173
-0.2048432656173247
-0.12127216425131247
0.13706214382162363
-0.14955896885193032
-0.6896353098481244
-0.3574997336587678
-0.03161456743026631
-0.07750754151503787
-0.06936699794999694
-0.22743384828390675
-0.05912809926914234