-0.378822317247655
-0.5400385378411077
-0.6212247142795569
-0.4058033420155157
-0.1917570309897875
-0.7638436768562369
-0.13557317462948865
-0.09766173035235272
-0.4016917088233148
-0.5043189163795839
0.16205689259407718
-0.12245941844975085
-0.7879798930367978
-0.12049578674588969
-0.43803532692616526
0.5187557884714732
-0.0725575678452549
0.05831904356230781
-0.24904665342809906
-0.08237052817907746
-0.2082646987056274
-0.2505477138718306
-0.08557585969727226
-0.1123657534323492
0.250582783304165
-0.07955027217854792
-0.13104416644194086
-0.34804756326020514
-0.12088307381708009
-0.09550675990535948
-0.31736558878435117
-0.0480194535421463
0.40004767796830104
-0.08800308180765719
-0.06134901339105944
-0.27653459144073694
-0.11303840507168943
-0.2028812338504902
0.34527879139279866
-0.03826082021175806
-0.31645003881105416
-0.14977336466506055
0.4528783279883747
-0.09149958294597
-0.65301563319789
-0.0669504004337172
-0.16067712987373103
-0.08706721507880862
0.008004560268246386
-0.16813068647864451
-0.08928407993439613
-0.05422550709786429
-0.4987071230339733
0.45453709648904816
-0.11306452759994567
-0.2289007795757096
-0.34969348479474766
-0.33270414023047545
-0.13045149548129814
-0.2798078327160181
-0.18420445911621797
-0.20066510992700767
-0.06018889057062745
-0.5288823515283093
-0.034676328871028034
-0.6571886371852257
-0.09854183998699549
-0.08133524786862431
-0.3791866294977916
-0.1502903001343871
0.19270326572072255
-0.0769697992715385
-0.28506218458705673
-0.1489327974758103
-0.14749560999586353
0.2554213939608407
-0.11218591279393587
-0.14821259439897636
-0.0619975373729073
-0.1547578511797126
-0.08717904349513579
-0.0834956994619082
-0.016105639560566376
-0.17989400097272273
-0.07994427124863653
-0.33092916037336567
-0.05701032312972733
-0.061894931004826945
-0.1237276581457576
-0.12225430398850694
-0.12315536786576423
-0.0002507246200724727
-0.3620552636013336
-0.5261160158013243
-0.07780807569665248
-0.19946937614810142
-0.08492489790759283
-0.10236244302366293
-0.13972088238688568
-0.09631141499834484
-0.18973320969633464
-0.21875606690729807
0.29280724298429883
-0.19307087502123
-0.1857830763627775
-0.14333966922009395
-0.19574207045284697
-0.06493751805264944
-0.09399934008913607
0.05758822842739209
-0.5948895799702683
0.34791468519939456
-0.05668566250200283
-0.07298655672392325
-0.0608019348733731
-0.4814744836349795
0.08046838225482172
-0.06360566510265915
-0.2454429913036264
-0.13319718128960936
-0.12914224281432662
-0.1579419024789376
-0.0967753164139271
-0.08003039919734961
-0.23278544576986954
-0.17869885274754135
-0.1494758859356425
-0.11695036330108527
-0.8052569059592729
-0.07427802301985831
0.1056422969241944
-0.13277275747088804
-0.07508098185482397
-0.08167843696921379
-0.09370527540454007
-0.26678535048295315
-0.08038704965800442
-0.2158716745339643
0.40648855124192246
-0.14371310597202774
-0.08534769817616136
-0.27671544697061623
-0.09255943380543138
-0.21772228261277826
-0.016095381018703874
0.40479386201962086
0.09078645766519018
-0.3404136785870269
-0.0932595750646596
-0.2661840315646804
0.14650059739286783
0.2290628861149389
-0.08526107688419382
-0.1148154323588833
-0.32301464609646185
-0.10797769278508496
-0.14964835728934325
-0.09294273170794737
-0.12820706785028282
-0.31689037055735797
0.30396199195713464
-0.05973339613679542
-0.10498694202558641
-0.11031366848203703
-0.1605438234147567
-0.039737826077355355
0.01233235409600306
-0.20299305337056495
-0.09767524862433445
-0.10721821572063298
-0.07912898907730594
-0.2672107505572608
0.10448090242103018
-0.2789418484848597
-0.21416065905048046
-0.4019839597870621
-0.13315762086890537
-0.5039920193014912
-0.06289735641937981
-0.1255610702513186
-0.20492155988446561
-0.28601288254990587
0.2848982069006915
-0.11407103598520285
-0.3356871509734391
-0.3046026568709689
-0.09821253230065478
-0.142158122689197
-0.25615580987400816
-0.4476058972449978
-0.06282245346340297
-0.08393851924094053
-0.06751025141916225
-0.18064788412748964
-0.08930501557245439
-0.599030660398941
-0.24210423210372395
-0.09235972475282807
-0.17702262219246764
-0.12120325861035026
-0.08665493056710258
-0.09577955496438129
-0.37144890508819034
-0.1660106339379378
-0.27462802581047413
-0.062481449461267546
-0.2663378470176851
-0.28623709960996424
-0.2554124836222412
-0.09736243955219902
0.10146914399488303
-0.1559866889808888
-0.09324204198729011
-0.2502554212951921
-0.21759619648704928
-0.4824729252231763
0.15164427783211626
-0.24644856843366714
-0.08653398633369672
-0.30057684048454164
-0.0506483418728057
-0.0951691853047671
-0.09523821950633198
-0.10806961084189058
-0.07678180021413761
-0.0942908264408489
0.13823645641822616
-0.09462511788419585
-0.21294117357613943
-0.06498343732327165
-0.16911553777021146
-0.13579396728715862
-0.11065197935823246
-0.08801411842490633
-0.39918081928528787
-0.4080139509860039
-0.09012178605822393
-0.23484266943640178
-0.11003485909925455
-0.23653046996826543
-0.599499535331045
-0.15798785532800322
-0.08937624431792077
-0.2874671976101968
-0.41301361869826586
-0.32988903275635695
-0.03490030165448178
-0.28047995226103767
-0.33186498444166507
-0.06946806554207344
-0.11040791282551829
-0.13346154340101343
-0.05402692383890823
-0.4602991413628906
-0.029079595382443806
-0.04754911516105893
-0.0695236150729374
-0.06050426414523767
-0.1780066720750681
0.07486264255436105
-0.24034720740618218
0.06790507110486027
-0.11776634219254252
-0.4146644059457105
-0.017879451035061708
-0.5196730978497526
-0.20898628365719357
-0.20642403955501692
0.3999454306771328
-0.44569345784636183
-0.196646926980735
0.34128891578297055
-0.1999353650036488
-0.10450263582375773
-0.07538201404857883
-0.23932296335842923
0.040361916050124555
-0.06406644514404687
-0.20165607952053713
-0.09630992393929239
-0.31445658955025046
-0.5227438350675906
-0.020407050303066134
-0.0491105084622737
-0.23717327401607385
-0.08865011279843332
-0.053271098014219274
-0.08108596453137472
0.09764485625850952
-0.10272434643331813
-0.24267329126441436
-0.0785120476092027
-0.10205104290858673
-0.03716153454881581
-0.17705654504122487
-0.1582527825618414
-0.6420670263808421
-0.08166290387016
-0.05799972563377968
-0.3686652238416805
-0.25142912568638504
0.13270766152546667
-0.07710110520586723
-0.409053985910137
-0.11568187660061266
0.035703256646440286
-0.06264785842551948
-0.06754135741582959
-0.07853577289314684
0.06638486530685465
-0.39873745232879404
-0.36471741814796554
0.08369993616210539
-0.08084395345514392
-0.09805496662451997
-0.4086185663602475
-0.07152263546481252
-0.37103362378719085
-0.1341159703689941
0.26674866324009844
-0.310482377006768
-0.11408396157516228
-0.12490725061868405
-0.16252078386893745
-0.07601251049326785
-0.24119095062592713
-0.13666034747673447
-0.13099027086473508
0.3568110309592673
-0.4328921668424218
-0.06448314720310447
-0.16349890942955067
-0.03766323857281674
-0.11700604242123853
-0.11701755718357185
-0.10906853651303837
-0.18637324722648013
-0.3407403641971831
-0.09091531991855975
-0.32042268393696743
-0.022612090208937605
-0.33021796145834514
0.2973290291701681
-0.06198925138871062
-0.22540945081167685
-0.27430942842470163
-0.3134813276422272
-0.0613054427297996
-0.14756214060280823
-0.07758336866762784
-0.5289192896734861
-0.020124175579531327
-0.065886012685332
0.14469565479036084
-0.030421301550497302
-0.0970505826278357
-0.08587933780332173
-0.06412477864932675
-0.07058193875837206
0.0318053994308766
0.39048236503669775
-0.13293755008441138
-0.16823625964908867
-0.08068032965512355
-0.2142316306877499
-0.030811305225930733
-0.08689912547887255
-0.08054492665518105
-0.1557240760624974
-0.40798266179147336
-0.037500617275081354
0.23898409588755273
-0.3941168609821985
-0.07057626743463663
-0.41331039121255037
-0.09631495100579497
-0.5058766821002281
-0.2629034446870188
-0.11543542334804757
-0.08452876939312756
-0.0895515373615573
-0.09839842701838467
-0.06941159325796674
0.13153601706774842
-0.05609156960842212
-0.10745159915276488
-0.06455994023497215
-0.16324242776453576
-0.08618256041724807
0.4134323209932898
-0.17679411115997878
-0.04759634970932303
-0.5169565342811924
0.008421057896407399
0.07434457810626631
-0.16206269978123922
-0.04934671893244975
0.006718485439244871
-0.7255804209759814
-0.2657982094145196
-0.16510428224614215
-0.04923463757402676
-0.017654090174815937
-0.3853799950624193
-0.07910770260396567
-0.11685551802060863
0.4542176855638831
-0.04227232814628104
-0.15887413244180223
-0.2151772104065168
-0.41583035992564804
-0.07896866799553895
-0.15734204149152548
-0.44613070458816395
-0.036335823945055044
-0.1285128829247169
-0.29037100441640173
-0.11798157555748152
-0.13810083148297295
-0.12272819948860585
-0.4788726331991295
-0.10778939281173239
-0.15009038453109555
-0.21585055288033142
-0.13024693345790656
0.514281353271406
-0.20837418947429293
-0.3174017884350029
-0.22361287235876573
-0.10092371501040304
0.09080563930921658
-0.07043969060660686
-0.07447693596077745
-0.031023486207440006
-0.09818646945069769
-0.05931458035507426
-0.10798191021104137
-0.09823270696395438
-0.1510369661003651
-0.42748564549882917
-0.16711741039716596
-0.08463590774509905
-0.06532198681621001
-0.10141525204680252
-0.07214263013897682
-0.1488115184531876
-0.06985077806729066
-0.0833991148048627
-0.3378706798543903
-0.3553384145693341
-0.14981866176917844
-0.14433912904276747
-0.46500484768537687
-0.4251627549467465
-0.08548524695099725
-0.23524900146782998
0.5487214543444633
-0.18734286890912014
-0.13173295641666222
-0.21757117662315265
-0.19147284795885455
-0.1749538105782046
-0.1691881671381474
0.05232529495363714
-0.07930832352545895
-0.4686691277771582
-0.4129715901548455
-0.10178833726819492
-0.12913475946081576
-0.08021017236534905
-0.23295143075885424
-0.2472304660815619
0.12440658750092898
-0.09584688428179941
-0.4637569813666868
-0.09166333029745452
-0.09738337416863412
-0.1455980265691983
-0.1590352918251147
-0.31723939749922025
-0.05018653289719302
-0.1757278324434798
-0.6830583524959093
-0.09902163677270838
-0.3419346838415484
-0.0709169379171942
0.12674907303314317
0.25350407512923584
-0.24861691260420787
-0.12150280363963635
-0.3177976434005659
-0.09583868264351943
-0.11044270672208152
-0.40834176541431916
0.07219825947732668
-0.041236265161866834
-0.05321742271702016
0.4242958450646262
0.11134445264296118
-0.06694184442214625
0.1681614389865162
-0.08223437562305713
0.1382720556253727
-0.05264921589018111
-0.3671948013282254
-0.07671159150015615
-0.3152661839218768
-0.1629659104794457
-0.07912177248201127
0.30507902197308556
-0.06310361876510494
-0.13965102315842573